ENVI ASCII Plot File [Fri Sep 11 13:55:17 2015]
Column 1: Wavelength
Column 2: Sea water ( seawater.doc)~~2
   2.079480  0.020276
   2.080320  0.020330
   2.081150  0.020049
   2.081990  0.020081
   2.082830  0.020334
   2.083660  0.019922
   2.084500  0.019714
   2.085340  0.020000
   2.086180  0.020095
   2.087020  0.019978
   2.087860  0.019885
   2.088700  0.019907
   2.089540  0.020188
   2.090380  0.020303
   2.091230  0.020098
   2.092070  0.020264
   2.092920  0.020330
   2.093760  0.019976
   2.094610  0.019856
   2.095450  0.019722
   2.096300  0.019844
   2.097150  0.020012
   2.098000  0.019976
   2.098850  0.019939
   2.099700  0.019956
   2.100550  0.020063
   2.101400  0.020115
   2.102250  0.020139
   2.103110  0.020068
   2.103960  0.019990
   2.104810  0.019871
   2.105670  0.019783
   2.106520  0.019680
   2.107380  0.019668
   2.108240  0.019836
   2.109090  0.020098
   2.109950  0.020185
   2.110810  0.020310
   2.111670  0.020122
   2.112530  0.019897
   2.113390  0.020046
   2.114260  0.020112
   2.115120  0.020054
   2.115980  0.019958
   2.116850  0.019985
   2.117710  0.020056
   2.118580  0.019958
   2.119440  0.019824
   2.120310  0.019834
   2.121180  0.019839
   2.122040  0.019839
   2.122910  0.019856
   2.123780  0.019922
   2.124650  0.019954
   2.125520  0.019734
   2.126400  0.019790
   2.127270  0.019678
   2.128140  0.019629
   2.129020  0.019582
   2.129890  0.019595
   2.130770  0.019917
   2.131640  0.020066
   2.132520  0.020068
   2.133400  0.020151
   2.134270  0.019912
   2.135150  0.019780
   2.136030  0.019858
   2.136910  0.019683
   2.137800  0.019619
   2.138680  0.019751
   2.139560  0.019983
   2.140440  0.019998
   2.142210  0.019568
   2.143100  0.019602
   2.143980  0.019451
   2.144870  0.019477
   2.145760  0.019695
   2.146650  0.019946
   2.147540  0.019910
   2.148430  0.019800
   2.149320  0.019780
   2.150210  0.019536
   2.151100  0.019465
   2.151990  0.019639
   2.152890  0.019761
   2.153780  0.019853
   2.154680  0.019756
   2.155570  0.019729
   2.156470  0.019646
   2.157370  0.019499
   2.158270  0.019602
   2.159160  0.019617
   2.160060  0.019619
   2.160960  0.019536
   2.161870  0.019338
   2.162770  0.019412
   2.163670  0.019624
   2.164570  0.019687
   2.165480  0.019636
   2.166380  0.019644
   2.167290  0.019673
   2.168190  0.019421
   2.169100  0.019402
   2.170010  0.019482
   2.170920  0.019377
   2.171830  0.019343
   2.172740  0.019653
   2.173650  0.019509
   2.174560  0.019360
   2.176390  0.019631
   2.177300  0.019644
   2.178220  0.019639
   2.179130  0.019529
   2.180050  0.019477
   2.180970  0.019582
   2.181880  0.019519
   2.182800  0.019228
   2.183720  0.019258
   2.184640  0.019438
   2.185560  0.019416
   2.186480  0.019290
   2.187410  0.019250
   2.188330  0.019355
   2.189250  0.019224
   2.190180  0.019228
   2.191100  0.019477
   2.192030  0.019377
   2.192960  0.019377
   2.193890  0.019536
   2.194820  0.019602
   2.195740  0.019370
   2.196680  0.019316
   2.197610  0.019414
   2.198540  0.019302
   2.199470  0.019221
   2.200400  0.019338
   2.201340  0.019311
   2.202270  0.019233
   2.203210  0.019341
   2.204150  0.019329
   2.205080  0.019258
   2.206020  0.019426
   2.206960  0.019473
   2.207900  0.019336
   2.208840  0.019268
   2.209780  0.019326
   2.211670  0.019431
   2.212610  0.019402
   2.213560  0.019060
   2.214500  0.018970
   2.215450  0.019072
   2.216400  0.019202
   2.217350  0.019211
   2.218290  0.019097
   2.219240  0.018994
   2.220190  0.019082
   2.221150  0.019241
   2.222100  0.019189
   2.223050  0.019143
   2.224000  0.019199
   2.224960  0.019302
   2.225910  0.019167
   2.226870  0.019202
   2.227830  0.019175
   2.228780  0.019028
   2.229740  0.019209
   2.230700  0.019172
   2.231660  0.019170
   2.232620  0.019209
   2.233590  0.019163
   2.234550  0.019048
   2.235510  0.018970
   2.236480  0.018933
   2.237440  0.019045
   2.238410  0.019158
   2.239380  0.019021
   2.240340  0.019038
   2.241310  0.019038
   2.242280  0.018899
   2.243250  0.018909
   2.244220  0.018967
   2.245190  0.019001
   2.246170  0.019204
   2.248120  0.019067
   2.249090  0.019138
   2.250070  0.019185
   2.251040  0.018987
   2.252020  0.018962
   2.253000  0.019060
   2.253980  0.019004
   2.254960  0.018779
   2.255940  0.018667
   2.256920  0.018801
   2.257910  0.018938
   2.258890  0.018928
   2.259880  0.018943
   2.260860  0.018811
   2.261850  0.018718
   2.262830  0.018662
   2.263820  0.018760
   2.264810  0.018855
   2.265800  0.018935
   2.266790  0.018838
   2.267780  0.018660
   2.268780  0.018672
   2.269770  0.018740
   2.270760  0.018857
   2.271760  0.018782
   2.272750  0.018638
   2.273750  0.018850
   2.274750  0.018899
   2.275750  0.018735
   2.276750  0.018735
   2.277750  0.018723
   2.278750  0.018735
   2.279750  0.018774
   2.280750  0.018625
   2.281760  0.018603
   2.282760  0.018713
   2.283770  0.018672
   2.284770  0.018552
   2.285780  0.018769
   2.286790  0.018845
   2.287800  0.018708
   2.288810  0.018638
   2.289820  0.018579
   2.290830  0.018547
   2.291850  0.018677
   2.292860  0.018606
   2.293870  0.018376
   2.294890  0.018342
   2.295900  0.018528
   2.296920  0.018623
   2.297940  0.018503
   2.298960  0.018379
   2.299980  0.018645
   2.301000  0.018748
   2.302020  0.018557
   2.303040  0.018535
   2.304070  0.018665
   2.305090  0.018638
   2.306120  0.018445
   2.307140  0.018403
   2.308170  0.018672
   2.309200  0.018608
   2.310230  0.018489
   2.311260  0.018428
   2.312290  0.018450
   2.313320  0.018394
   2.314350  0.018467
   2.315390  0.018599
   2.316420  0.018479
   2.317460  0.018372
   2.318490  0.018413
   2.319530  0.018496
   2.320570  0.018484
   2.321610  0.018430
   2.322650  0.018369
   2.323690  0.018230
   2.324730  0.018357
   2.325780  0.018367
   2.326820  0.018140
   2.327860  0.018127
   2.328910  0.018281
   2.329960  0.018530
   2.331000  0.018540
   2.332050  0.018284
   2.333100  0.018247
   2.334150  0.018301
   2.335200  0.018242
   2.336260  0.018235
   2.337310  0.018101
   2.338360  0.018022
   2.339420  0.018105
   2.340480  0.018113
   2.341530  0.018171
   2.342590  0.018311
   2.343650  0.018428
   2.344710  0.018210
   2.345770  0.018113
   2.346830  0.018098
   2.347900  0.018064
   2.348960  0.018132
   2.350020  0.018203
   2.351090  0.018262
   2.352160  0.018118
   2.353220  0.018015
   2.354290  0.018169
   2.355360  0.018293
   2.356430  0.018318
   2.357510  0.018135
   2.358580  0.018042
   2.359650  0.018000
   2.360730  0.018018
   2.361800  0.018123
   2.362880  0.018083
   2.363960  0.017949
   2.365030  0.017742
   2.366110  0.017729
   2.367190  0.017974
   2.368270  0.018149
   2.369360  0.018118
   2.370440  0.017942
   2.371530  0.017847
   2.372610  0.017798
   2.373700  0.017778
   2.374780  0.017866
   2.375870  0.017878
   2.376960  0.017729
   2.378050  0.017725
   2.379140  0.017749
   2.380240  0.017729
   2.381330  0.017839
   2.382420  0.017895
   2.383520  0.017800
   2.384620  0.017717
   2.385710  0.017756
   2.386810  0.017830
   2.387910  0.017776
   2.389010  0.017778
   2.390110  0.017749
   2.391210  0.017744
   2.392320  0.017800
   2.393420  0.017810
   2.394530  0.017886
   2.395630  0.017856
   2.396740  0.017839
   2.397850  0.017893
   2.398960  0.017712
   2.400070  0.017480
   2.401180  0.017515
   2.402300  0.017620
   2.403410  0.017744
   2.404520  0.017764
   2.405640  0.017500
   2.406760  0.017519
   2.407870  0.017600
   2.408990  0.017468
   2.410110  0.017295
   2.411230  0.017178
   2.412360  0.017307
   2.413480  0.017507
   2.414600  0.017344
   2.415730  0.017317
   2.416850  0.017400
   2.417980  0.017427
   2.419110  0.017217
   2.420240  0.017266
   2.421370  0.017422
   2.422500  0.017395
   2.423630  0.017339
   2.424770  0.017292
   2.425900  0.017397
   2.427040  0.017546
   2.428180  0.017356
   2.429310  0.017266
   2.430450  0.017368
   2.431590  0.017407
   2.432730  0.017373
   2.433870  0.017231
   2.435020  0.017104
   2.436160  0.017095
   2.437310  0.017087
   2.438450  0.017063
   2.439600  0.016982
   2.440750  0.017039
   2.441900  0.017165
   2.443050  0.017185
   2.444200  0.017251
   2.445360  0.017095
   2.446510  0.016865
   2.447660  0.016919
   2.448820  0.016907
   2.449980  0.016916
   2.451140  0.016934
   2.452300  0.016868
   2.453460  0.016904
   2.454620  0.016960
   2.455780  0.016870
   2.456950  0.016929
   2.458110  0.016999
   2.459280  0.016951
   2.460440  0.016838
   2.461610  0.016821
   2.462780  0.016677
   2.463950  0.016636
   2.465120  0.016728
   2.466300  0.016777
   2.467470  0.016790
   2.468640  0.016848
   2.469820  0.016758
   2.471000  0.016645
   2.472180  0.016741
   2.473360  0.016680
   2.474540  0.016477
   2.475720  0.016523
   2.476900  0.016570
   2.478090  0.016611
   2.479270  0.016604
   2.480460  0.016545
   2.481640  0.016494
   2.482830  0.016519
   2.484020  0.016416
   2.486400  0.016416
   2.487600  0.016484
   2.488790  0.016414
   2.489990  0.016313
   2.491180  0.016235
   2.492380  0.016189
   2.493580  0.016206
   2.494780  0.016311
   2.495980  0.016387
   2.497180  0.016394
   2.498390  0.016226
   2.499590  0.016121
   2.500800  0.016189
   2.502000  0.016184
   2.503210  0.016147
   2.504420  0.016174
   2.505630  0.016167
   2.506840  0.016147
   2.508060  0.016062
   2.509270  0.015930
   2.510490  0.015749
   2.511700  0.015767
   2.512920  0.015930
   2.514140  0.015876
   2.515360  0.015779
   2.516580  0.015847
   2.517800  0.015832
   2.519020  0.015881
   2.520250  0.015747
   2.521480  0.015864
   2.522700  0.015840
   2.523930  0.015549
   2.525160  0.015623
   2.526390  0.015679
   2.527620  0.015574
   2.528860  0.015493
   2.530090  0.015188
   2.532560  0.014929
   2.533800  0.015193
   2.535040  0.014949
   2.536280  0.014685
   2.537520  0.015320
   2.538760  0.015603
   2.540010  0.015481
   2.541250  0.015041
   2.542500  0.014448
   2.543750  0.014465
   2.544990  0.014829
   2.546240  0.015093
   2.547500  0.014665
   2.548750  0.014600
   2.550000  0.014573
   2.551260  0.014141
   2.552510  0.013782
   2.553770  0.014353
   2.555030  0.015100
   2.556290  0.015164
   2.557550  0.015090
   2.558810  0.014636
   2.560080  0.013130
   2.561340  0.011960
   2.562610  0.011897
   2.563870  0.012041
   2.565140  0.013086
   2.566410  0.014397
   2.567680  0.014233
   2.568960  0.013174
   2.570230  0.013027
   2.571500  0.013689
   2.572780  0.012686
   2.574060  0.012578
   2.575340  0.013108
   2.576620  0.012517
   2.577900  0.013274
   2.579180  0.014143
   2.580460  0.013228
   2.581750  0.012771
   2.583040  0.011763
   2.584320  0.011350
   2.585610  0.012424
   2.586900  0.012065
   2.588190  0.012124
   2.589490  0.012881
   2.590780  0.013538
   2.592080  0.013030
   2.593370  0.010725
   2.594670  0.008372
   2.595970  0.009636
   2.597270  0.012375
   2.598570  0.013713
   2.599880  0.013582
   2.601180  0.012739
   2.602490  0.012056
   2.603790  0.011162
   2.605100  0.010359
   2.606410  0.010835
   2.607720  0.011750
   2.609040  0.011953
   2.610350  0.012368
   2.611660  0.012908
   2.612980  0.012581
   2.614300  0.012622
   2.615620  0.011401
   2.616940  0.010127
   2.618260  0.011248
   2.619580  0.010955
   2.620910  0.010977
   2.622230  0.012759
   2.623560  0.013459
   2.624890  0.012742
   2.626220  0.011318
   2.627550  0.011511
   2.628880  0.011167
   2.630210  0.009853
   2.631550  0.010854
   2.632890  0.011748
   2.634220  0.011816
   2.635560  0.012759
   2.636900  0.013064
   2.638250  0.012895
   2.639590  0.012722
   2.640930  0.012358
   2.642280  0.012322
   2.643630  0.012422
   2.644980  0.011763
   2.646330  0.011692
   2.647680  0.012373
   2.649030  0.012541
   2.650390  0.012097
   2.651740  0.011060
   2.653100  0.010898
   2.654460  0.011179
   2.655820  0.011062
   2.657180  0.011428
   2.658540  0.011042
   2.659900  0.010554
   2.661700  0.010518
   2.662640  0.010588
   2.664000  0.009380
   2.665370  0.007893
   2.666750  0.007749
   2.668120  0.008603
   2.669490  0.007900
   2.670870  0.007556
   2.672240  0.009285
   2.673620  0.009927
   2.675000  0.009116
   2.676380  0.007927
   2.677770  0.007898
   2.679150  0.008350
   2.680530  0.009482
   2.681920  0.009839
   2.683310  0.009246
   2.684700  0.009102
   2.686090  0.009075
   2.687480  0.009094
   2.688880  0.009377
   2.690270  0.009551
   2.691670  0.009224
   2.693070  0.007991
   2.694470  0.007415
   2.695870  0.007988
   2.697270  0.008735
   2.698670  0.008870
   2.700080  0.008376
   2.701490  0.007905
   2.702900  0.008228
   2.704310  0.008472
   2.705720  0.008342
   2.707130  0.007949
   2.708540  0.007007
   2.709960  0.005964
   2.711380  0.006128
   2.712800  0.007173
   2.714220  0.007456
   2.715640  0.007180
   2.717060  0.006704
   2.718490  0.006230
   2.719910  0.005266
   2.721340  0.005283
   2.722770  0.005769
   2.724200  0.005308
   2.725630  0.005562
   2.727070  0.006287
   2.728500  0.006606
   2.729940  0.006643
   2.731380  0.006555
   2.732820  0.006304
   2.734260  0.005771
   2.735700  0.005637
   2.737150  0.005652
   2.738590  0.004893
   2.740040  0.004460
   2.741490  0.004805
   2.742940  0.005554
   2.744390  0.006030
   2.745840  0.006252
   2.747300  0.006355
   2.748760  0.006338
   2.750210  0.006362
   2.751670  0.006270
   2.753130  0.005996
   2.754600  0.005105
   2.756060  0.004998
   2.757530  0.005857
   2.759000  0.006453
   2.760470  0.006372
   2.761940  0.005837
   2.763410  0.005815
   2.764880  0.006057
   2.766360  0.006011
   2.767830  0.005898
   2.769310  0.006135
   2.770790  0.006138
   2.772270  0.006255
   2.773760  0.006731
   2.775240  0.007036
   2.776730  0.007007
   2.778220  0.006990
   2.779710  0.006968
   2.781200  0.006943
   2.782690  0.007100
   2.784190  0.007437
   2.785680  0.007095
   2.787180  0.006587
   2.788680  0.006936
   2.790180  0.007710
   2.791680  0.008013
   2.793190  0.008044
   2.794690  0.008306
   2.796200  0.008411
   2.797710  0.008655
   2.799220  0.008765
   2.800730  0.008340
   2.802250  0.007622
   2.803760  0.007590
   2.805280  0.008472
   2.806800  0.008975
   2.808320  0.009084
   2.809840  0.009346
   2.811360  0.009712
   2.812890  0.009707
   2.814420  0.009639
   2.815940  0.009927
   2.817470  0.010156
   2.819010  0.010056
   2.820540  0.010237
   2.822080  0.010605
   2.823610  0.011099
   2.825150  0.011460
   2.826690  0.011475
   2.828230  0.011689
   2.829780  0.012148
   2.831320  0.012178
   2.832870  0.012107
   2.834420  0.012292
   2.835970  0.012529
   2.837520  0.012620
   2.839080  0.012815
   2.840630  0.013398
   2.842190  0.013867
   2.843750  0.014065
   2.845310  0.014468
   2.846870  0.014707
   2.848440  0.014475
   2.850000  0.014697
   2.851570  0.015210
   2.853140  0.015159
   2.854710  0.015366
   2.856280  0.016042
   2.857860  0.016562
   2.859430  0.016655
   2.861010  0.016846
   2.862590  0.017126
   2.864170  0.017502
   2.865760  0.017561
   2.867340  0.017803
   2.868930  0.018391
   2.870520  0.018748
   2.872110  0.018950
   2.873700  0.019326
   2.875290  0.019751
   2.876890  0.020139
   2.878490  0.020300
   2.880090  0.020310
   2.881690  0.020544
   2.883290  0.021033
   2.884890  0.021492
   2.886500  0.021670
   2.888110  0.021765
   2.889720  0.022163
   2.891330  0.022524
   2.892940  0.023076
   2.894560  0.023525
   2.896170  0.023752
   2.897790  0.023928
   2.899410  0.023923
   2.901040  0.024033
   2.902660  0.024517
   2.904290  0.024709
   2.905920  0.025129
   2.907550  0.025815
   2.909180  0.026304
   2.910810  0.026580
   2.912450  0.026775
   2.914080  0.027070
   2.915720  0.027627
   2.917360  0.027793
   2.919010  0.028057
   2.920650  0.028274
   2.922300  0.028186
   2.923940  0.028540
   2.925600  0.029275
   2.927250  0.029560
   2.928900  0.029651
   2.930560  0.030012
   2.932210  0.030351
   2.933870  0.030515
   2.935530  0.030798
   2.937200  0.031250
   2.938860  0.031562
   2.940530  0.031587
   2.942200  0.031562
   2.943870  0.031985
   2.945540  0.032461
   2.947220  0.032424
   2.948890  0.032578
   2.950570  0.032908
   2.952250  0.033235
   2.953930  0.033298
   2.955620  0.033528
   2.957300  0.033967
   2.958990  0.034153
   2.960680  0.034143
   2.962370  0.034158
   2.964070  0.034368
   2.965760  0.034702
   2.967460  0.034734
   2.969160  0.034629
   2.970860  0.034768
   2.972560  0.035051
   2.974270  0.034988
   2.975980  0.035083
   2.977690  0.035420
   2.979400  0.035720
   2.981110  0.035666
   2.982830  0.035784
   2.984540  0.036003
   2.986260  0.035886
   2.987980  0.035969
   2.989710  0.036157
   2.991430  0.036045
   2.993160  0.036047
   2.994890  0.036221
   2.996620  0.036296
   2.998350  0.036382
   3.000090  0.036582
   3.001830  0.036611
   3.003560  0.036523
   3.005310  0.036545
   3.007050  0.036711
   3.008790  0.036780
   3.010540  0.036929
   3.012290  0.037046
   3.014040  0.037075
   3.015800  0.036999
   3.017550  0.036760
   3.019310  0.036833
   3.021070  0.036985
   3.022830  0.037190
   3.024590  0.037475
   3.026360  0.037392
   3.028130  0.037390
   3.029900  0.037532
   3.031670  0.037554
   3.033440  0.037483
   3.035220  0.037429
   3.037000  0.037490
   3.038780  0.037678
   3.040560  0.037756
   3.042340  0.037829
   3.044130  0.037974
   3.045920  0.038074
   3.047710  0.037895
   3.049500  0.037974
   3.051300  0.038088
   3.053090  0.038071
   3.054890  0.038037
   3.056690  0.038191
   3.058500  0.038437
   3.060300  0.038542
   3.062110  0.038584
   3.063920  0.038572
   3.065730  0.038579
   3.067550  0.038794
   3.069360  0.039009
   3.071180  0.038762
   3.073000  0.038642
   3.074820  0.038987
   3.076650  0.039087
   3.078480  0.039048
   3.080300  0.039014
   3.082140  0.039109
   3.083970  0.039314
   3.085810  0.039341
   3.087640  0.039377
   3.089480  0.039277
   3.091330  0.039407
   3.093170  0.039585
   3.096870  0.039700
   3.098720  0.039704
   3.100570  0.039675
   3.102430  0.039551
   3.104280  0.039529
   3.106140  0.039602
   3.108010  0.039690
   3.109870  0.039648
   3.111740  0.039653
   3.113610  0.039475
   3.115480  0.039475
   3.117350  0.039795
   3.119230  0.039917
   3.121100  0.039800
   3.122980  0.039722
   3.124870  0.039585
   3.126750  0.039526
   3.128640  0.039707
   3.130530  0.039790
   3.132420  0.039748
   3.134310  0.039661
   3.136210  0.039551
   3.138110  0.039560
   3.140010  0.039556
   3.141910  0.039617
   3.143820  0.039580
   3.145720  0.039407
   3.147630  0.039304
   3.149550  0.039189
   3.151460  0.039101
   3.153380  0.039092
   3.155300  0.039162
   3.157220  0.039106
   3.159140  0.038938
   3.161070  0.038806
   3.163000  0.038696
   3.164930  0.038721
   3.168800  0.038708
   3.170740  0.038628
   3.172680  0.038594
   3.174620  0.038552
   3.176560  0.038467
   3.178510  0.038325
   3.180460  0.038220
   3.182410  0.038298
   3.184370  0.038203
   3.186330  0.037981
   3.188290  0.037849
   3.190250  0.037673
   3.192210  0.037690
   3.194180  0.037676
   3.196150  0.037461
   3.198120  0.037346
   3.200100  0.037183
   3.202070  0.037031
   3.204050  0.037060
   3.206030  0.036882
   3.208020  0.036680
   3.210000  0.036658
   3.211990  0.036667
   3.213980  0.036687
   3.215980  0.036724
   3.217970  0.036587
   3.219970  0.036504
   3.221970  0.036374
   3.223980  0.036111
   3.225980  0.035933
   3.227990  0.035935
   3.230000  0.035898
   3.232020  0.035871
   3.234030  0.035749
   3.236050  0.035757
   3.238070  0.035757
   3.240100  0.035637
   3.242120  0.035464
   3.244150  0.035288
   3.246180  0.035110
   3.248220  0.035044
   3.250250  0.035029
   3.252290  0.035088
   3.254330  0.035063
   3.256380  0.034990
   3.258420  0.034719
   3.260470  0.034517
   3.262530  0.034517
   3.264580  0.034531
   3.266640  0.034538
   3.268700  0.034482
   3.270760  0.034116
   3.272820  0.034001
   3.274890  0.034009
   3.276960  0.033999
   3.279030  0.033870
   3.281110  0.033660
   3.283190  0.033711
   3.285270  0.033657
   3.287350  0.033542
   3.289440  0.033562
   3.291530  0.033523
   3.293620  0.033313
   3.295710  0.033191
   3.297810  0.032947
   3.299910  0.032793
   3.302010  0.032830
   3.304110  0.032849
   3.306220  0.032954
   3.308330  0.032913
   3.310440  0.032737
   3.312560  0.032634
   3.314680  0.032524
   3.316800  0.032412
   3.318920  0.032410
   3.321050  0.032207
   3.323180  0.032109
   3.325310  0.032219
   3.327440  0.032121
   3.329580  0.031968
   3.331720  0.031909
   3.333860  0.031682
   3.336010  0.031684
   3.338150  0.031582
   3.340310  0.031492
   3.342460  0.031582
   3.344620  0.031536
   3.346780  0.031487
   3.348940  0.031462
   3.351100  0.031265
   3.353270  0.031287
   3.355440  0.031335
   3.357610  0.031182
   3.359790  0.031042
   3.361970  0.030979
   3.364150  0.030913
   3.366330  0.030801
   3.368520  0.030640
   3.370710  0.030625
   3.372900  0.030571
   3.375100  0.030486
   3.377300  0.030513
   3.379500  0.030395
   3.381710  0.030344
   3.383910  0.030290
   3.386120  0.030344
   3.388330  0.030298
   3.390550  0.030090
   3.392770  0.030078
   3.394990  0.030059
   3.397220  0.029961
   3.399440  0.029863
   3.401680  0.029785
   3.403910  0.029829
   3.406150  0.029868
   3.408380  0.029690
   3.410630  0.029541
   3.412870  0.029497
   3.415120  0.029370
   3.417370  0.029404
   3.419630  0.029416
   3.421880  0.029265
   3.424140  0.029160
   3.426410  0.029246
   3.428670  0.029214
   3.430940  0.029043
   3.433210  0.029101
   3.435490  0.029133
   3.437770  0.028987
   3.440050  0.028889
   3.442330  0.028804
   3.444620  0.028740
   3.446910  0.028740
   3.449200  0.028762
   3.451500  0.028704
   3.453800  0.028645
   3.456100  0.028603
   3.458410  0.028489
   3.460720  0.028550
   3.463030  0.028506
   3.465340  0.028391
   3.467660  0.028389
   3.469980  0.028364
   3.472310  0.028235
   3.474630  0.028274
   3.476960  0.028274
   3.479300  0.028269
   3.481630  0.028059
   3.483970  0.027959
   3.486320  0.028022
   3.488660  0.027991
   3.491010  0.027930
   3.493370  0.027810
   3.495720  0.027749
   3.498080  0.027717
   3.500440  0.027688
   3.502810  0.027781
   3.505170  0.027676
   3.507550  0.027463
   3.509920  0.027583
   3.512300  0.027624
   3.514680  0.027529
   3.517060  0.027541
   3.519450  0.027510
   3.521840  0.027417
   3.524240  0.027400
   3.526640  0.027351
   3.529040  0.027324
   3.531440  0.027231
   3.533850  0.027236
   3.536260  0.027270
   3.538670  0.027202
   3.541090  0.027070
   3.543510  0.026987
   3.545930  0.027002
   3.548360  0.027017
   3.550790  0.027019
   3.553220  0.026997
   3.555660  0.027039
   3.558100  0.027004
   3.560540  0.026872
   3.562990  0.026872
   3.565440  0.026902
   3.567900  0.026929
   3.570350  0.026934
   3.572810  0.026765
   3.575280  0.026663
   3.577750  0.026706
   3.580220  0.026623
   3.582690  0.026570
   3.585170  0.026560
   3.587650  0.026567
   3.590130  0.026626
   3.592620  0.026650
   3.595110  0.026501
   3.597610  0.026440
   3.600110  0.026406
   3.602610  0.026414
   3.605110  0.026523
   3.607620  0.026467
   3.610140  0.026418
   3.612650  0.026309
   3.615170  0.026316
   3.617690  0.026362
   3.620220  0.026326
   3.622750  0.026196
   3.625280  0.026113
   3.627820  0.026077
   3.630360  0.026086
   3.632900  0.026150
   3.635450  0.026125
   3.638000  0.026030
   3.640560  0.025928
   3.643120  0.025893
   3.645680  0.025886
   3.648240  0.025920
   3.650810  0.025937
   3.653380  0.025930
   3.655960  0.025893
   3.658540  0.025847
   3.661120  0.025781
   3.663710  0.025789
   3.666300  0.025823
   3.668900  0.025793
   3.671500  0.025779
   3.674100  0.025774
   3.676700  0.025644
   3.679310  0.025586
   3.681930  0.025703
   3.684540  0.025586
   3.687160  0.025376
   3.689790  0.025444
   3.692420  0.025588
   3.695050  0.025518
   3.697680  0.025478
   3.700320  0.025425
   3.702970  0.025444
   3.705610  0.025378
   3.708260  0.025295
   3.710920  0.025286
   3.713580  0.025373
   3.716240  0.025449
   3.718900  0.025349
   3.721570  0.025195
   3.724250  0.025229
   3.726930  0.025315
   3.729610  0.025227
   3.732290  0.025195
   3.734980  0.025151
   3.737670  0.025166
   3.740370  0.025242
   3.743070  0.025173
   3.745780  0.025159
   3.748480  0.025190
   3.751200  0.025049
   3.753910  0.024849
   3.756630  0.024917
   3.759360  0.025027
   3.764820  0.024917
   3.767550  0.024936
   3.770290  0.024983
   3.773040  0.024900
   3.775790  0.024853
   3.778540  0.024880
   3.781290  0.024829
   3.784050  0.024819
   3.786820  0.024761
   3.789590  0.024827
   3.792360  0.024907
   3.795130  0.024817
   3.797910  0.024800
   3.800700  0.024702
   3.803490  0.024651
   3.806280  0.024709
   3.809080  0.024673
   3.811880  0.024626
   3.814680  0.024602
   3.817490  0.024595
   3.820310  0.024600
   3.823120  0.024560
   3.825940  0.024509
   3.828770  0.024473
   3.831600  0.024560
   3.834430  0.024548
   3.837270  0.024451
   3.840110  0.024431
   3.842960  0.024456
   3.845810  0.024434
   3.848670  0.024329
   3.851530  0.024299
   3.854390  0.024426
   3.857260  0.024424
   3.860130  0.024268
   3.863010  0.024172
   3.865890  0.024226
   3.871660  0.024211
   3.874550  0.024209
   3.877450  0.024224
   3.880350  0.024202
   3.883260  0.024077
   3.886170  0.024070
   3.889090  0.024114
   3.892010  0.024077
   3.894930  0.023982
   3.897860  0.024050
   3.900790  0.024055
   3.903730  0.023948
   3.906670  0.023975
   3.909620  0.024053
   3.912570  0.023965
   3.915520  0.023916
   3.918480  0.023894
   3.921450  0.023857
   3.924420  0.023882
   3.927390  0.023840
   3.930370  0.023750
   3.933350  0.023694
   3.936340  0.023757
   3.939330  0.023813
   3.942320  0.023840
   3.945320  0.023760
   3.948330  0.023684
   3.951340  0.023669
   3.954350  0.023606
   3.957370  0.023591
   3.960390  0.023596
   3.963420  0.023716
   3.966450  0.023664
   3.969490  0.023545
   3.972530  0.023574
   3.975580  0.023616
   3.978630  0.023603
   3.984740  0.023628
   3.987810  0.023498
   3.990880  0.023445
   3.993950  0.023403
   3.997030  0.023320
   4.000120  0.023384
   4.003210  0.023423
   4.006300  0.023376
   4.009400  0.023393
   4.012500  0.023393
   4.015610  0.023408
   4.018720  0.023306
   4.021840  0.023269
   4.024960  0.023328
   4.028090  0.023320
   4.031220  0.023252
   4.034360  0.023267
   4.037500  0.023306
   4.040650  0.023291
   4.043800  0.023303
   4.046960  0.023298
   4.050120  0.023203
   4.053290  0.023086
   4.056460  0.023101
   4.059630  0.023140
   4.062820  0.023154
   4.066000  0.023152
   4.069190  0.023132
   4.072390  0.023054
   4.075590  0.023086
   4.078800  0.023086
   4.082010  0.023098
   4.085230  0.023101
   4.088450  0.023015
   4.091680  0.022986
   4.094910  0.023039
   4.098150  0.023022
   4.101390  0.023035
   4.104640  0.022993
   4.107890  0.022915
   4.111150  0.022998
   4.114410  0.022966
   4.117670  0.022876
   4.120950  0.022900
   4.124230  0.022944
   4.127510  0.022893
   4.130800  0.022808
   4.134090  0.022810
   4.137390  0.022776
   4.140700  0.022815
   4.144010  0.022815
   4.147320  0.022710
   4.150640  0.022710
   4.153970  0.022749
   4.157300  0.022776
   4.160640  0.022717
   4.163980  0.022685
   4.167330  0.022739
   4.170680  0.022695
   4.174040  0.022588
   4.177400  0.022612
   4.180770  0.022598
   4.184140  0.022532
   4.187520  0.022490
   4.190910  0.022529
   4.194300  0.022549
   4.197690  0.022488
   4.201100  0.022498
   4.204500  0.022507
   4.207920  0.022493
   4.211330  0.022476
   4.214760  0.022466
   4.218190  0.022478
   4.221620  0.022441
   4.225060  0.022327
   4.228510  0.022224
   4.231960  0.022244
   4.235420  0.022278
   4.238880  0.022285
   4.242350  0.022395
   4.245830  0.022327
   4.249310  0.022180
   4.252790  0.022241
   4.256280  0.022305
   4.259780  0.022258
   4.263280  0.022202
   4.266790  0.022183
   4.270310  0.022241
   4.273830  0.022248
   4.277350  0.022158
   4.280890  0.022124
   4.284420  0.022248
   4.287970  0.022307
   4.291520  0.022234
   4.295070  0.022205
   4.298630  0.022175
   4.302200  0.022224
   4.305780  0.022180
   4.309350  0.022153
   4.312940  0.022146
   4.316530  0.022119
   4.320130  0.022148
   4.323730  0.022141
   4.327340  0.022143
   4.330960  0.022153
   4.334580  0.022119
   4.338200  0.022085
   4.341840  0.022073
   4.345480  0.022078
   4.349120  0.022102
   4.352770  0.022068
   4.356430  0.022053
   4.360100  0.022060
   4.363770  0.022078
   4.367440  0.022060
   4.371120  0.021982
   4.374810  0.021931
   4.378510  0.021909
   4.382210  0.021865
   4.385920  0.021853
   4.389630  0.021899
   4.393350  0.022009
   4.397080  0.022039
   4.400810  0.021973
   4.404550  0.021914
   4.408290  0.021916
   4.412050  0.021943
   4.415800  0.021912
   4.419570  0.021909
   4.423340  0.021887
   4.427120  0.021794
   4.430900  0.021863
   4.434690  0.021882
   4.438490  0.021846
   4.442290  0.021841
   4.446100  0.021807
   4.449920  0.021838
   4.453740  0.021855
   4.457570  0.021882
   4.461410  0.021826
   4.465250  0.021736
   4.469100  0.021685
   4.472950  0.021697
   4.476820  0.021814
   4.480690  0.021804
   4.484560  0.021699
   4.488450  0.021706
   4.492330  0.021697
   4.496230  0.021653
   4.500130  0.021709
   4.504040  0.021760
   4.507960  0.021716
   4.511880  0.021672
   4.515810  0.021699
   4.519750  0.021716
   4.523690  0.021692
   4.527640  0.021606
   4.531600  0.021538
   4.535570  0.021619
   4.539540  0.021626
   4.543520  0.021616
   4.547500  0.021636
   4.551500  0.021641
   4.555500  0.021570
   4.559500  0.021633
   4.563520  0.021682
   4.567540  0.021606
   4.571560  0.021638
   4.575600  0.021719
   4.579640  0.021650
   4.583690  0.021604
   4.587750  0.021648
   4.591810  0.021533
   4.595880  0.021479
   4.599960  0.021531
   4.604040  0.021626
   4.608140  0.021680
   4.612240  0.021597
   4.616340  0.021580
   4.620460  0.021636
   4.624580  0.021643
   4.628710  0.021540
   4.632840  0.021475
   4.636990  0.021531
   4.641140  0.021631
   4.645300  0.021658
   4.649470  0.021592
   4.653640  0.021582
   4.657820  0.021533
   4.662010  0.021565
   4.666210  0.021614
   4.670410  0.021602
   4.674620  0.021514
   4.678840  0.021482
   4.683060  0.021584
   4.687300  0.021670
   4.691540  0.021631
   4.695790  0.021545
   4.700050  0.021565
   4.704310  0.021567
   4.708590  0.021589
   4.712870  0.021592
   4.717150  0.021523
   4.721450  0.021540
   4.725760  0.021550
   4.730070  0.021536
   4.734390  0.021538
   4.738710  0.021543
   4.743050  0.021509
   4.747390  0.021531
   4.751750  0.021562
   4.756100  0.021543
   4.760470  0.021545
   4.764850  0.021582
   4.769230  0.021558
   4.773620  0.021433
   4.778020  0.021387
   4.782430  0.021470
   4.786840  0.021479
   4.791270  0.021492
   4.795700  0.021443
   4.800140  0.021409
   4.804590  0.021470
   4.809050  0.021497
   4.813510  0.021516
   4.817990  0.021550
   4.822470  0.021545
   4.826960  0.021521
   4.831460  0.021592
   4.835960  0.021553
   4.840480  0.021406
   4.845000  0.021399
   4.849540  0.021435
   4.854080  0.021421
   4.858630  0.021450
   4.863180  0.021479
   4.867750  0.021531
   4.872330  0.021479
   4.876910  0.021521
   4.881500  0.021565
   4.886100  0.021526
   4.890710  0.021462
   4.895330  0.021343
   4.899960  0.021333
   4.904590  0.021443
   4.909240  0.021367
   4.913890  0.021360
   4.918550  0.021455
   4.923220  0.021450
   4.927900  0.021367
   4.932590  0.021367
   4.937290  0.021399
   4.942000  0.021328
   4.946710  0.021318
   4.951440  0.021194
   4.956170  0.020969
   4.960910  0.021130
   4.965660  0.021316
   4.975200  0.021411
   4.979980  0.021338
   4.984760  0.021272
   4.989560  0.021265
   4.994370  0.021243
   4.999190  0.021199
   5.004010  0.021250
   5.008840  0.021269
   5.013690  0.021094
   5.018540  0.020601
   5.023400  0.020735
   5.028280  0.021016
   5.033160  0.021103
   5.038050  0.021130
   5.042950  0.021086
   5.047860  0.021089
   5.052780  0.021135
   5.057710  0.021162
   5.062650  0.021130
   5.067600  0.021130
   5.072560  0.021033
   5.077530  0.020747
   5.082500  0.020415
   5.087490  0.020664
   5.092490  0.020933
   5.097490  0.020935
   5.102510  0.020959
   5.107540  0.020906
   5.112580  0.020749
   5.117620  0.020723
   5.122680  0.020776
   5.127750  0.020762
   5.132820  0.020623
   5.137910  0.020537
   5.143010  0.020054
   5.148120  0.019541
   5.153230  0.020237
   5.163500  0.020671
   5.168650  0.020608
   5.173810  0.020515
   5.178980  0.020508
   5.184150  0.020554
   5.189340  0.020518
   5.194540  0.020154
   5.199750  0.019573
   5.204970  0.019807
   5.210200  0.019248
   5.215450  0.019065
   5.220700  0.020012
   5.225960  0.020305
   5.231230  0.020027
   5.236520  0.019641
   5.241810  0.019929
   5.247120  0.020188
   5.252430  0.020207
   5.257760  0.020146
   5.263100  0.020200
   5.268450  0.020054
   5.273810  0.019790
   5.279180  0.019795
   5.284560  0.019790
   5.289950  0.019082
   5.295360  0.019160
   5.300770  0.019736
   5.306200  0.019827
   5.311630  0.019873
   5.317080  0.019853
   5.322540  0.019790
   5.328010  0.019822
   5.333490  0.019831
   5.338980  0.019702
   5.344490  0.018506
   5.350000  0.017043
   5.355530  0.017800
   5.366620  0.019651
   5.372180  0.019639
   5.377750  0.019531
   5.383340  0.019443
   5.388930  0.019563
   5.394540  0.019531
   5.400160  0.019436
   5.405790  0.019072
   5.411430  0.018628
   5.417090  0.017319
   5.422760  0.016277
   5.428430  0.017932
   5.434120  0.019072
   5.439830  0.018914
   5.445540  0.018835
   5.451270  0.018975
   5.457010  0.018298
   5.462760  0.016675
   5.468520  0.017031
   5.474290  0.017571
   5.480080  0.017197
   5.485880  0.018269
   5.491690  0.018767
   5.497510  0.018684
   5.503350  0.018542
   5.509200  0.018689
   5.515060  0.018142
   5.520930  0.017563
   5.526820  0.017756
   5.532710  0.018169
   5.538630  0.018157
   5.544550  0.017703
   5.550490  0.016724
   5.556440  0.016584
   5.562400  0.017090
   5.568370  0.017134
   5.574360  0.015713
   5.580360  0.014705
   5.586370  0.016284
   5.592400  0.017615
   5.598440  0.017180
   5.604490  0.016836
   5.610560  0.016760
   5.616630  0.016484
   5.622730  0.016970
   5.628830  0.016731
   5.634950  0.015276
   5.641080  0.013332
   5.647230  0.014050
   5.653380  0.015078
   5.659560  0.015908
   5.665740  0.016682
   5.671940  0.015442
   5.678150  0.015129
   5.684380  0.015706
   5.690620  0.015269
   5.696870  0.015752
   5.703140  0.015469
   5.709420  0.013535
   5.715710  0.013208
   5.722020  0.013914
   5.728340  0.014700
   5.734680  0.014624
   5.741030  0.014275
   5.747400  0.013560
   5.753780  0.014385
   5.760170  0.013003
   5.766580  0.010662
   5.773000  0.012395
   5.779430  0.014075
   5.785890  0.014956
   5.792350  0.015425
   5.798830  0.014980
   5.805320  0.014873
   5.811830  0.013896
   5.818350  0.011094
   5.824890  0.010315
   5.831440  0.011841
   5.838010  0.013503
   5.844590  0.014297
   5.851190  0.013931
   5.857800  0.012739
   5.864430  0.012039
   5.871070  0.012217
   5.877720  0.009609
   5.884400  0.009329
   5.891080  0.010317
   5.897780  0.010354
   5.904500  0.012988
   5.911230  0.014045
   5.917980  0.013489
   5.924750  0.013213
   5.931530  0.010918
   5.938320  0.009351
   5.945130  0.012043
   5.951960  0.013848
   5.958800  0.014412
   5.965650  0.012971
   5.972530  0.013066
   5.979420  0.013965
   5.986320  0.012749
   5.993240  0.013389
   6.000180  0.015950
   6.007130  0.016123
   6.014100  0.015190
   6.021090  0.016750
   6.028090  0.018079
   6.035100  0.017571
   6.042140  0.013252
   6.049190  0.010032
   6.056250  0.014512
   6.063340  0.016848
   6.070440  0.014722
   6.077550  0.016521
   6.084690  0.020290
   6.091840  0.021523
   6.099000  0.021125
   6.106190  0.018359
   6.113390  0.015759
   6.120610  0.019456
   6.127840  0.023301
   6.135090  0.023332
   6.142360  0.022248
   6.149650  0.022319
   6.156950  0.021040
   6.164270  0.021965
   6.171610  0.024021
   6.178970  0.021428
   6.186340  0.019304
   6.193730  0.022876
   6.201140  0.024834
   6.208570  0.024385
   6.216010  0.024028
   6.223470  0.024414
   6.230950  0.024482
   6.238450  0.024282
   6.245970  0.024304
   6.253500  0.024546
   6.261050  0.024094
   6.268630  0.023630
   6.276220  0.023599
   6.283820  0.023840
   6.291450  0.023774
   6.299090  0.023857
   6.306760  0.023674
   6.314440  0.023601
   6.322140  0.023391
   6.329850  0.022905
   6.337590  0.019519
   6.345350  0.017334
   6.353130  0.020564
   6.360920  0.021333
   6.368740  0.018503
   6.376570  0.019480
   6.384420  0.020991
   6.392300  0.020854
   6.400190  0.019534
   6.408100  0.013362
   6.416030  0.010708
   6.423980  0.015076
   6.431950  0.017534
   6.439940  0.019329
   6.447950  0.019795
   6.455980  0.020061
   6.464030  0.019880
   6.472100  0.017190
   6.480190  0.014900
   6.488300  0.012187
   6.496430  0.012563
   6.504590  0.017331
   6.512760  0.018540
   6.520950  0.016777
   6.529160  0.018879
   6.537390  0.019597
   6.545650  0.018081
   6.553920  0.016875
   6.562220  0.016128
   6.570540  0.013894
   6.578870  0.015029
   6.587230  0.016145
   6.595610  0.016616
   6.604020  0.018464
   6.612440  0.018359
   6.620890  0.017136
   6.629350  0.013508
   6.637840  0.011650
   6.646350  0.015952
   6.654880  0.019746
   6.663440  0.019250
   6.672010  0.017356
   6.680610  0.016499
   6.689230  0.018442
   6.697870  0.019529
   6.706540  0.017153
   6.715230  0.016191
   6.723930  0.017637
   6.732660  0.019534
   6.741420  0.020410
   6.750200  0.020041
   6.759000  0.020168
   6.767820  0.018831
   6.776670  0.017029
   6.785540  0.015120
   6.794430  0.015544
   6.803350  0.018855
   6.812290  0.019775
   6.821250  0.018064
   6.830240  0.017720
   6.839250  0.019302
   6.848290  0.017688
   6.857350  0.013643
   6.866430  0.013264
   6.875540  0.017322
   6.884670  0.019226
   6.893820  0.019290
   6.903000  0.018389
   6.912210  0.018862
   6.921440  0.019907
   6.930690  0.020112
   6.939960  0.019998
   6.949270  0.018428
   6.958590  0.015720
   6.967950  0.017107
   6.977320  0.019111
   6.986730  0.018750
   6.996160  0.018542
   7.005610  0.019346
   7.015090  0.019075
   7.024600  0.018540
   7.034130  0.017920
   7.043690  0.015666
   7.053270  0.016345
   7.062880  0.018618
   7.072520  0.019414
   7.082180  0.019368
   7.091870  0.019558
   7.101580  0.019543
   7.111320  0.018677
   7.121090  0.018462
   7.130890  0.019172
   7.140710  0.018186
   7.150560  0.017444
   7.160440  0.017212
   7.170330  0.016733
   7.180270  0.018311
   7.190230  0.019187
   7.200210  0.018091
   7.210230  0.017461
   7.220270  0.018704
   7.230340  0.019236
   7.240440  0.019106
   7.250560  0.018835
   7.260720  0.018506
   7.270900  0.017524
   7.281120  0.017461
   7.291360  0.018423
   7.301630  0.018506
   7.311920  0.018560
   7.322250  0.018545
   7.332600  0.017319
   7.342990  0.017065
   7.353410  0.018137
   7.363850  0.018613
   7.374330  0.018562
   7.384830  0.018630
   7.395370  0.018701
   7.405930  0.018621
   7.416530  0.018555
   7.427150  0.018567
   7.437810  0.018579
   7.448500  0.018262
   7.459210  0.017346
   7.469960  0.017068
   7.480740  0.017681
   7.491550  0.018262
   7.502390  0.018506
   7.513270  0.018425
   7.524170  0.018354
   7.535110  0.018386
   7.546080  0.018332
   7.557080  0.018196
   7.568110  0.018054
   7.579170  0.017827
   7.590270  0.017852
   7.601400  0.017886
   7.612560  0.017805
   7.623750  0.017978
   7.634980  0.018064
   7.646240  0.017922
   7.657540  0.017935
   7.668860  0.017947
   7.680230  0.018030
   7.691620  0.018127
   7.703050  0.018105
   7.714510  0.017976
   7.726010  0.017978
   7.737540  0.017905
   7.749110  0.017891
   7.760710  0.017871
   7.772350  0.017949
   7.784020  0.017854
   7.795720  0.017793
   7.807460  0.017817
   7.819240  0.017839
   7.831050  0.017744
   7.842900  0.017751
   7.854780  0.017820
   7.866690  0.017642
   7.878650  0.017576
   7.890640  0.017690
   7.902670  0.017688
   7.914740  0.017673
   7.926840  0.017622
   7.938980  0.017561
   7.951150  0.017622
   7.963370  0.017632
   7.975620  0.017563
   7.987910  0.017583
   8.000240  0.017686
   8.012600  0.017632
   8.025010  0.017544
   8.037450  0.017598
   8.049930  0.017646
   8.062450  0.017581
   8.075010  0.017429
   8.087600  0.017346
   8.100240  0.017427
   8.112920  0.017537
   8.125640  0.017485
   8.138390  0.017515
   8.151190  0.017417
   8.164020  0.017334
   8.176900  0.017300
   8.189810  0.017305
   8.202770  0.017419
   8.215770  0.017446
   8.228810  0.017270
   8.241900  0.017200
   8.255020  0.017112
   8.268190  0.017202
   8.281390  0.017331
   8.294650  0.017251
   8.307940  0.017104
   8.321270  0.017002
   8.334650  0.016960
   8.348070  0.017021
   8.361540  0.017036
   8.375040  0.016946
   8.388590  0.016782
   8.402190  0.016785
   8.415830  0.016790
   8.429510  0.016765
   8.443240  0.016711
   8.457020  0.016721
   8.470840  0.016694
   8.484700  0.016643
   8.498610  0.016543
   8.512570  0.016472
   8.526570  0.016433
   8.540610  0.016443
   8.554710  0.016311
   8.568850  0.016335
   8.583040  0.016238
   8.597270  0.016267
   8.611550  0.016213
   8.625880  0.016265
   8.640260  0.016250
   8.654680  0.016147
   8.669160  0.016074
   8.683680  0.016121
   8.698250  0.015991
   8.712860  0.015894
   8.727530  0.015876
   8.742240  0.015977
   8.757010  0.016018
   8.771830  0.016045
   8.786700  0.015818
   8.801620  0.015813
   8.816580  0.015942
   8.831600  0.015959
   8.846680  0.015764
   8.861800  0.015635
   8.876970  0.015579
   8.892200  0.015618
   8.907480  0.015666
   8.922810  0.015657
   8.938200  0.015461
   8.953630  0.015493
   8.969120  0.015537
   8.984670  0.015686
   9.000270  0.015725
   9.015920  0.015496
   9.031630  0.015347
   9.047390  0.015388
   9.063210  0.015281
   9.079070  0.015200
   9.095000  0.015281
   9.110990  0.015234
   9.127030  0.015100
   9.143120  0.015186
   9.159280  0.015215
   9.175490  0.015124
   9.191760  0.015195
   9.208090  0.015288
   9.224470  0.014998
   9.240910  0.014895
   9.257420  0.014827
   9.273980  0.014758
   9.290600  0.014790
   9.307280  0.014978
   9.324020  0.014900
   9.340820  0.014692
   9.357680  0.014622
   9.374600  0.014663
   9.391590  0.014375
   9.408630  0.014363
   9.425740  0.014468
   9.442910  0.014348
   9.460140  0.014163
   9.477420  0.014243
   9.494780  0.014133
   9.512200  0.013916
   9.529690  0.013765
   9.547240  0.013823
   9.564860  0.013840
   9.582540  0.013855
   9.600280  0.013625
   9.618090  0.013594
   9.635970  0.013647
   9.653920  0.013555
   9.671930  0.013286
   9.690010  0.013159
   9.708150  0.013186
   9.726370  0.013184
   9.744650  0.012998
   9.763000  0.012905
   9.781420  0.012786
   9.799920  0.012839
   9.818480  0.012795
   9.837110  0.012681
   9.855810  0.012488
   9.874580  0.012485
   9.893430  0.012324
   9.912340  0.012234
   9.931320  0.012373
   9.950390  0.012480
   9.969520  0.012168
   9.988730  0.011926
  10.008020  0.011853
  10.027370  0.011921
  10.046810  0.012012
  10.066320  0.011782
  10.085900  0.011421
  10.105560  0.011475
  10.125300  0.011462
  10.145120  0.011384
  10.165010  0.011326
  10.184980  0.011438
  10.205030  0.011248
  10.225150  0.011064
  10.245360  0.010947
  10.265640  0.010984
  10.286010  0.010823
  10.306460  0.010708
  10.326990  0.010627
  10.347610  0.010552
  10.368300  0.010400
  10.389080  0.010322
  10.409940  0.010352
  10.430890  0.010422
  10.451920  0.010207
  10.473040  0.010234
  10.494240  0.010234
  10.515520  0.010051
  10.536900  0.009961
  10.558360  0.010051
  10.579910  0.009900
  10.601540  0.009773
  10.623270  0.009697
  10.645080  0.009712
  10.666990  0.009607
  10.688980  0.009448
  10.711060  0.009436
  10.733230  0.009568
  10.755500  0.009380
  10.777860  0.009285
  10.800310  0.009343
  10.822860  0.009346
  10.845500  0.009243
  10.868240  0.009307
  10.891080  0.009204
  10.914000  0.009087
  10.937030  0.009180
  10.960150  0.009209
  10.983370  0.009053
  11.006690  0.009075
  11.030110  0.009048
  11.053630  0.009194
  11.077250  0.009248
  11.100970  0.009207
  11.124790  0.009080
  11.148720  0.009136
  11.172750  0.009048
  11.196880  0.009038
  11.221120  0.009119
  11.245460  0.009373
  11.269900  0.009556
  11.294450  0.009582
  11.319110  0.009448
  11.343870  0.009436
  11.368750  0.009504
  11.393740  0.009683
  11.418840  0.009763
  11.444040  0.009849
  11.469360  0.009944
  11.494790  0.010200
  11.520340  0.010190
  11.546000  0.010291
  11.571770  0.010547
  11.597660  0.010703
  11.623660  0.010818
  11.649780  0.011008
  11.676020  0.011152
  11.702380  0.011562
  11.728860  0.011675
  11.755450  0.011665
  11.782170  0.011992
  11.809010  0.012256
  11.835970  0.012378
  11.863060  0.012624
  11.890270  0.012620
  11.917590  0.012778
  11.945050  0.013037
  11.972640  0.013352
  12.000350  0.013691
  12.028190  0.014211
  12.056170  0.014604
  12.084270  0.014841
  12.112510  0.015015
  12.140870  0.015239
  12.169370  0.015435
  12.198010  0.015781
  12.226780  0.016111
  12.255680  0.016304
  12.284730  0.016479
  12.313910  0.017095
  12.343230  0.017344
  12.372690  0.017581
  12.402290  0.017827
  12.432030  0.018303
  12.461910  0.018784
  12.491940  0.019043
  12.522120  0.019189
  12.552440  0.019670
  12.582910  0.020034
  12.613510  0.020469
  12.644270  0.020784
  12.675190  0.021338
  12.706250  0.021724
  12.737470  0.022178
  12.768850  0.022561
  12.800380  0.022881
  12.832060  0.023179
  12.863900  0.023599
  12.895900  0.024065
  12.928060  0.024514
  12.960390  0.024548
  12.992870  0.025039
  13.025510  0.025649
  13.058320  0.026206
  13.091300  0.026497
  13.124430  0.026904
  13.157740  0.027224
  13.191220  0.027595
  13.224870  0.027869
  13.258700  0.028372
  13.292690  0.028914
  13.326870  0.029409
  13.361210  0.029548
  13.395740  0.030049
  13.430440  0.030415
  13.465330  0.030898
  13.500400  0.031182
  13.535650  0.031531
  13.571080  0.031958
  13.606700  0.032519
  13.642510  0.032678
  13.678510  0.033098
  13.714690  0.033667
  13.751070  0.034392
  13.787650  0.034790
  13.824410  0.035347
  13.861380  0.035698
  13.898250  0.036062
  13.935900  0.036145
  13.973450  0.036462
  14.011210  0.036548
