     0.791 5.700E+01 2.814E+02 2.722E+02 0.000E+00 0.000E+00 AAF2222222222 2
     0.152 1.000E+03 2.841E+02 2.753E+02 0.000E+00 0.000E+00 AAF2222222222 2
     0.362 9.750E+02 2.820E+02 2.743E+02 0.000E+00 0.000E+00 AAF2222222222 2
     0.577 9.500E+02 2.798E+02 2.735E+02 0.000E+00 0.000E+00 AAF2222222222 2
     0.795 9.250E+02 2.778E+02 2.718E+02 0.000E+00 0.000E+00 AAF2222222222 2
     1.018 9.000E+02 2.768E+02 2.675E+02 0.000E+00 0.000E+00 AAF2222222222 2
     1.246 8.750E+02 2.754E+02 2.650E+02 0.000E+00 0.000E+00 AAF2222222222 2
     1.480 8.500E+02 2.748E+02 2.621E+02 0.000E+00 0.000E+00 AAF2222222222 2
     1.720 8.250E+02 2.746E+02 2.596E+02 0.000E+00 0.000E+00 AAF2222222222 2
     1.968 8.000E+02 2.741E+02 2.572E+02 0.000E+00 0.000E+00 AAF2222222222 2
     2.222 7.750E+02 2.733E+02 2.551E+02 0.000E+00 0.000E+00 AAF2222222222 2
     2.484 7.500E+02 2.721E+02 2.536E+02 0.000E+00 0.000E+00 AAF2222222222 2
     2.754 7.250E+02 2.706E+02 2.526E+02 0.000E+00 0.000E+00 AAF2222222222 2
     3.031 7.000E+02 2.688E+02 2.519E+02 0.000E+00 0.000E+00 AAF2222222222 2
     3.611 6.500E+02 2.649E+02 2.491E+02 0.000E+00 0.000E+00 AAF2222222222 2
     4.227 6.000E+02 2.609E+02 2.432E+02 0.000E+00 0.000E+00 AAF2222222222 2
     4.886 5.500E+02 2.561E+02 2.382E+02 0.000E+00 0.000E+00 AAF2222222222 2
     5.594 5.000E+02 2.510E+02 2.345E+02 0.000E+00 0.000E+00 AAF2222222222 2
     6.361 4.500E+02 2.461E+02 2.281E+02 0.000E+00 0.000E+00 AAF2222222222 2
     7.202 4.000E+02 2.417E+02 2.244E+02 0.000E+00 0.000E+00 AAF2222222222 2
     8.139 3.500E+02 2.375E+02 2.207E+02 0.000E+00 0.000E+00 AAF2222222222 2
     9.201 3.000E+02 2.329E+02 2.158E+02 0.000E+00 0.000E+00 AAF2222222222 2
     9.792 2.750E+02 2.305E+02 2.133E+02 0.000E+00 0.000E+00 AAF2222222222 2
    10.433 2.500E+02 2.287E+02 2.111E+02 0.000E+00 0.000E+00 AAF2222222222 2
    11.135 2.250E+02 2.270E+02 2.090E+02 0.000E+00 0.000E+00 AAF2222222222 2
    11.915 2.000E+02 2.255E+02 2.073E+02 0.000E+00 0.000E+00 AAF2222222222 2
    12.797 1.750E+02 2.249E+02 2.062E+02 0.000E+00 0.000E+00 AAF2222222222 2
    13.809 1.500E+02 2.229E+02 2.038E+02 0.000E+00 0.000E+00 AAF2222222222 2
    14.990 1.250E+02 2.196E+02 2.003E+02 0.000E+00 0.000E+00 AAF2222222222 2
    15.995 1.100E+02 2.177E+02 1.981E+02 0.000E+00 0.000E+00 AAF2222222222 2
    17.000 9.500E+01 2.157E+02 1.959E+02 0.000E+00 0.000E+00 AAF2222222222 2
    18.000 8.120E+01 2.168E+02 1.970E+02 0.000E+00 0.000E+00 AAF2222222222 2
    19.000 6.950E+01 2.179E+02 1.980E+02 0.000E+00 0.000E+00 AAF2222222222 2
    20.000 5.950E+01 2.192E+02 1.993E+02 0.000E+00 0.000E+00 AAF2222222222 2
    21.000 5.100E+01 2.204E+02 2.005E+02 0.000E+00 0.000E+00 AAF2222222222 2
    22.000 4.370E+01 2.216E+02 2.017E+02 0.000E+00 0.000E+00 AAF2222222222 2
    23.000 3.760E+01 2.228E+02 2.028E+02 0.000E+00 0.000E+00 AAF2222222222 2
    24.000 3.220E+01 2.239E+02 2.039E+02 0.000E+00 0.000E+00 AAF2222222222 2
    25.000 2.770E+01 2.251E+02 2.051E+02 0.000E+00 0.000E+00 AAF2222222222 2
    30.000 1.320E+01 2.337E+02 2.137E+02 0.000E+00 0.000E+00 AAF2222222222 2
    35.000 6.520E+00 2.452E+02 2.252E+02 0.000E+00 0.000E+00 AAF2222222222 2
    40.000 3.330E+00 2.575E+02 2.375E+02 0.000E+00 0.000E+00 AAF2222222222 2
    45.000 1.760E+00 2.699E+02 2.499E+02 0.000E+00 0.000E+00 AAF2222222222 2
    50.000 9.510E-01 2.757E+02 2.557E+02 0.000E+00 0.000E+00 AAF2222222222 2
    55.000 5.150E-01 2.693E+02 2.493E+02 0.000E+00 0.000E+00 AAF2222222222 2
    60.000 2.720E-01 2.571E+02 2.371E+02 0.000E+00 0.000E+00 AAF2222222222 2
    70.000 6.700E-02 2.181E+02 1.981E+02 0.000E+00 0.000E+00 AAF2222222222 2
    80.000 1.200E-02 1.741E+02 1.541E+02 0.000E+00 0.000E+00 AAF2222222222 2
   100.000 1.000E-05 1.905E+02 1.705E+02 0.000E+00 0.000E+00 AAF2222222222 2
